/*!
 * \file KW_MAP.cpp
 * \brief Estymacja MAP, bez uśredniania punktów
 * \author kwasak
 * \date 2011-04-03
 */

#include <memory>
#include <string>
#include <math.h> 

#include "KW_MAP.hpp"
#include "Logger.hpp"
#include "Types/Ellipse.hpp"
#include "Types/Line.hpp"
#include "Types/Rectangle.hpp"
#include <vector>
#include <iomanip>

namespace Processors {
namespace KW_MAP {

using namespace cv;

KW_MAP::~KW_MAP() {
	LOG(LTRACE) << "Good bye KW_MAP\n";
}

bool KW_MAP::onInit() {
	LOG(LTRACE) << "KW_MAP::initialize\n";

	h_onNewImage.setup(this, &KW_MAP::onNewImage);
	registerHandler("onNewImage", &h_onNewImage);

	h_onNewBlobs.setup(this, &KW_MAP::onNewBlobs);
	registerHandler("onNewBlobs", &h_onNewBlobs);

	registerStream("in_blobs", &in_blobs);
	registerStream("in_img", &in_img);

	newImage = registerEvent("newImage");

	registerStream("out_signs", &out_signs);
	registerStream("out_draw", &out_draw);

	factor = 0.01;
	nrChar = 20;
	nrStates = 29;

	//pierwsze uruchomienie komponentu
	first = true;

	return true;
}

bool KW_MAP::onFinish() {
	LOG(LTRACE) << "KW_MAP::finish\n";

	return true;
}

bool KW_MAP::onStep() {
	LOG(LTRACE) << "KW_MAP::step\n";

	blobs_ready = img_ready = false;

	try {
		ileObrazkow = ileObrazkow + 1;

		drawcont.clear();
		z.clear();
		charPoint.clear();
		diff.clear();
		state.clear();

		getCharPoints();
		projectionMeasurePoints();

		if (first == true) {
			// char --> s, z pomiarów oblicza stan
			charPointsToState();
			first = false;
		} else {
			// s --> z
			stateToCharPoint();
			projectionEstimatedPoints();
			calculateDiff();
			updateState();
		}

		projectionStates();

		out_draw.write(drawcont);
		newImage->raise();

		return true;
	} catch (...) {
		LOG(LERROR) << "KW_MAP::getCharPoints failed\n";
		return false;
	}
}

bool KW_MAP::onStop() {
	return true;
}

bool KW_MAP::onStart() {
	return true;
}

void KW_MAP::onNewImage() {
	LOG(LTRACE) << "KW_MAP::onNewImage\n";

	img_ready = true;
	tsl_img = in_img.read();
	//co robi tak linijka?
	tsl_img = tsl_img.clone();
	if (blobs_ready && img_ready)
		onStep();
}

void KW_MAP::onNewBlobs() {
	LOG(LTRACE) << "KW_MAP::onNewBlobs\n";

	blobs_ready = true;
	blobs = in_blobs.read();
	if (blobs_ready && img_ready)
		onStep();
}

void KW_MAP::getCharPoints() {

	LOG(LTRACE) << "KW_MAP::getCharPoints\n";

	try {

		// id największego bloba, czyli dłoni
		int id = 0;
		//numerElements - liczba punktów wchodzących w skład konturu
		unsigned int numerElements;
		// plik do zapisu
		std::ofstream plik("/home/kasia/Test.txt");
		// aktualnie pobrany blob
		Types::Blobs::Blob *currentBlob;
		// wynikowy blob
		Types::Blobs::BlobResult result;
		// punkty znajdujace sie na konturze
		CvSeq * contour;
		// czyta elementy na konturu
		CvSeqReader reader;
		// punkt, na którym aktualnie jest wykonywana operacja
		cv::Point actualPoint;
		// wektor zawierający punkty konturu
		vector<cv::Point> contourPoints;
		// wektor odległości między punktami konturu a przesuniętym środkiem ciężkości
		vector<float> dist;
		//usredniony (wygładzony) wektor odległości między punktami konturu a przesuniętym środkiem ciężkości
		vector<float> meanDist;
		//wektor czastowych pochodnych wektor odległości między punktami konturu a przesuniętym środkiem ciężkości
		vector<float> derivative;
		//zmienna pomocnicza
		float TempDist;
		//zapamietuje poprzedni znak różnicy miedzy punktami,
		//1- funkcja jest rosnoca, -1 - funkcja malejąca
		int lastSign;
		int lastMinDist;
		//idenksy punktów charakterystycznych;
		vector<int> indexPoint;
		//powyzej tej odległości od środa cieżkosci moga znajdować sie ekstrema
		int MINDIST;
		//id ostatenio wyznaczonego ekstremum
		int idLastExtreme;

		Types::DrawableContainer signs; //kontener przechowujący elementy, które mozna narysować

		// iterate through all found blobs

		double m00, m10, m01;
		double Area, MaxArea, CenterOfGravity_x, CenterOfGravity_y, MaxY;

		MaxArea = 0;
		MaxY = 0;

		//największy blob to dłoń
		for (int i = 0; i < blobs.GetNumBlobs(); i++) {
			currentBlob = blobs.GetBlob(i);

			Area = currentBlob->Area();
			if (Area > MaxArea) {
				MaxArea = Area;
				// id największego bloba, czyli dłoni
				id = i;
			}
		}

		//current Blob przychowuje największego bloba, czyli dłoni
		currentBlob = blobs.GetBlob(id);
		//kontur największego bloba
		contour = currentBlob->GetExternalContour()->GetContourPoints();
		cvStartReadSeq(contour, &reader);

		for (int j = 0; j < contour->total; j = j + 1) {
			CV_READ_SEQ_ELEM( actualPoint, reader);

			if (j % 10 == 1) {
				//wpisanie punktów z konturu do wektora
				contourPoints.push_back(cv::Point(actualPoint.x, actualPoint.y));
				//szukanie max wartoścy y
				if (actualPoint.y > MaxY) {
					MaxY = actualPoint.y;
				}
			}
		}

		// calculate moments
		m00 = currentBlob->Moment(0, 0);
		m01 = currentBlob->Moment(0, 1);
		m10 = currentBlob->Moment(1, 0);

		//obliczenie środka cięzkości
		CenterOfGravity_x = m10 / m00;
		CenterOfGravity_y = m01 / m00;

		MINDIST = (MaxY - CenterOfGravity_y) * (MaxY - CenterOfGravity_y) * 4
				/ 9;
		//przesuniety punkt środka ciężkości
		charPoint.push_back(cv::Point(CenterOfGravity_x, CenterOfGravity_y
				+ (MaxY - CenterOfGravity_y) * 4 / 5));

		//środek cieżkości przesuwał troche w dół ekranu, aby ułatwić wyznaczanie punktóe charakterystycznych
		CenterOfGravity_y += (MaxY - CenterOfGravity_y) * 2 / 3;

		//liczba punktów wchodząca w skład konturu
		numerElements = contourPoints.size();

		//******************************************************************
		//obliczenie roznicy miedzy punktami konturu a przesuniętym środkiem ciężkosci
		for (unsigned int i = 0; i < numerElements; i++) {
			TempDist = (contourPoints[i].x - CenterOfGravity_x)
					* (contourPoints[i].x - CenterOfGravity_x)
					+ (contourPoints[i].y - CenterOfGravity_y)
							* (contourPoints[i].y - CenterOfGravity_y);
			if (TempDist > MINDIST)
				dist.push_back(TempDist);
			else
				//jeśli odległość jest mniejsza niż MINDIST oznacza to, że jest to dolna cześć dłoni i nie znajdują się tam żadnego punkty charakterystyczne poza przesuniętym środkiem ciężkości, dlatego te punkty można ominąć
				dist.push_back(MINDIST);
		}

		//******************************************************************
		//obliczenie pochodnej, szukanie ekstremów
		derivative.push_back(dist[1] - dist[0]);
		if (derivative[0] > 0)
			lastSign = 1;
		else
			lastSign = -1;

		//1 -oznacza, że ostatni element z konturu należał do dolnej czesci dłoni
		lastMinDist = 0;
		idLastExtreme = 0;
		//pierwszy punkt kontury to wierzchołek punktu środkowego.
		indexPoint.push_back(0);

		for (unsigned int i = 1; i < numerElements - 2; i++) {

			//różnica miedzy sąsiedznimi punktami
			derivative.push_back(dist[i + 1] - dist[i]);

			if (dist[i + 1] > MINDIST && dist[i] > MINDIST) {
				//jeżeli ostatnio był wykryta dolna cześci dłoni, następnym charakterystycznych punktem powinien być czubek palca, dlatego lastSign = 1;
				if (lastMinDist == 1) {
					lastSign = 1;
					lastMinDist = 0;
				}
				//maksiumum - czubek palca, funkcja rosła i zaczeła maleć
				if (derivative[i] < 0 && lastSign == 1) {
					if (((contourPoints[i].x - contourPoints[idLastExtreme].x)
							* (contourPoints[i].x
									- contourPoints[idLastExtreme].x)
							+ (contourPoints[i].y
									- contourPoints[idLastExtreme].y)
									* (contourPoints[i].y
											- contourPoints[idLastExtreme].y))
							> 900) {
						indexPoint.push_back(i);
						lastSign = -1;
						idLastExtreme = i;
					}
				}
				//minimum - punkt między palcami
				else if (derivative[i] > 0 && lastSign == -1) {
					if (((contourPoints[i].x - contourPoints[idLastExtreme].x)
							* (contourPoints[i].x
									- contourPoints[idLastExtreme].x)
							+ (contourPoints[i].y
									- contourPoints[idLastExtreme].y)
									* (contourPoints[i].y
											- contourPoints[idLastExtreme].y))
							> 900) {
						indexPoint.push_back(i);
						lastSign = 1;
						idLastExtreme = i;
					}
				}
			} else {
				// element należący do dołu dłoni
				lastMinDist = 1;
			}
		}

		int idLeftPoint = 0;
		int xLeftPoint = 1000000;
		for (unsigned int i = 0; i < indexPoint.size(); i++) {
			//znajdujemy punkt najbardziej wysynięty na lewo, czyli wierzchołek małego palca
			if (xLeftPoint > contourPoints[indexPoint[i]].x) {
				xLeftPoint = contourPoints[indexPoint[i]].x;
				idLeftPoint = i;
			}
		}

		for (int i = idLeftPoint; i >= 0; i--) {
			//wpisanie do tablicy punktów charakterystycznych punktów opisujących trzy lewe palce
			charPoint.push_back(cv::Point(contourPoints[indexPoint[i]].x,
					contourPoints[indexPoint[i]].y));
		}

		for (int i = indexPoint.size() - 1; i > idLeftPoint; i--) {
			//wpisanie do tablicy punktów charakterystycznych punktów opisujących dwa prawe palce
			charPoint.push_back(cv::Point(contourPoints[indexPoint[i]].x,
					contourPoints[indexPoint[i]].y));
		}

		result.AddBlob(blobs.GetBlob(id));
		out_signs.write(result);

	} catch (...) {
		LOG(LERROR) << "KW_MAP::getCharPoints failed\n";

	}
}

void KW_MAP::projectionMeasurePoints() {
	LOG(LTRACE) << "KW_MAP::projectionMeasurePoints\n";

	//projekcja na obraz punktów charakterystycznych
	Types::Ellipse * el;
	for (unsigned int i = 0; i < nrChar / 2; i++) {
		el = new Types::Ellipse(Point2f(charPoint[i].x, charPoint[i].y),
				Size2f(10, 10));
		el->setCol(CV_RGB(0,0,255));
		drawcont.add(el);
	}

}

void KW_MAP::charPointsToState() {
	LOG(LTRACE) << "KW_MAP::charPointsToState\n";

	//obliczanie parametrów prostokąta opisującego wewnętrzą część dłoni
	//wspolrzedna x lewego gornego punktu
	state.push_back(charPoint[0].x - (charPoint[8].x - charPoint[0].x));
	//wspolrzedna y lewego gornego punktu
	state.push_back(charPoint[6].y);
	//szerokosc
	state.push_back(abs(2 * (charPoint[8].x - charPoint[0].x)));
	//wysokosc
	state.push_back(abs(charPoint[0].y - charPoint[6].y));

	//projekcj prostokąta opisującego wewnęstrzną część dłoni
	//	drawcont.add(new Types::Rectangle(state[0], state[1], state[2], state[3]));

	//projekcia linii między czubami paców na punktem charakterystycznym dolnej części dłoni
	//	drawcont.add(new Types::Line(cv::Point(charPoint[0].x, charPoint[0].y),cv::Point(charPoint[1].x, charPoint[1].y)));
	//	drawcont.add(new Types::Line(cv::Point(charPoint[0].x, charPoint[0].y),cv::Point(charPoint[3].x, charPoint[3].y)));
	//	drawcont.add(new Types::Line(cv::Point(charPoint[0].x, charPoint[0].y),cv::Point(charPoint[5].x, charPoint[5].y)));
	//	drawcont.add(new Types::Line(cv::Point(charPoint[0].x, charPoint[0].y),cv::Point(charPoint[7].x, charPoint[7].y)));
	//	drawcont.add(new Types::Line(cv::Point(charPoint[0].x, charPoint[0].y),cv::Point(charPoint[9].x, charPoint[9].y)));

	//tworzenie na podstawie punktów charekterystycznych parametrów stanu
	fingerToState(charPoint[1], charPoint[2], 1);
	fingerToState(charPoint[3], charPoint[4], 1);
	fingerToState(charPoint[5], charPoint[6], 1);
	fingerToState(charPoint[7], charPoint[6], -1);
	fingerToState(charPoint[9], charPoint[8], -1);

	for (unsigned int i = 0; i < nrStates; i++) {
		cout << i << " states\t" << state[i] << "\n";
	}
}

//punkcja obracająca punkt p o kąt angle według układu współrzędnych znajdującym się w punkcie p0
cv::Point KW_MAP::rot(cv::Point p, double angle, cv::Point p0) {
	cv::Point t;
	t.x = p0.x + (int) ((double) (p.x - p0.x) * cos(angle) - (double) (p.y
			- p0.y) * sin(angle));
	t.y = p0.y + (int) ((double) (p.x - p0.x) * sin(angle) + (double) (p.y
			- p0.y) * cos(angle));
	return t;
}

//funkcja obliczająca parametry stanu na podstawie punktów charakterystycznych
//p2 - czubek palca, p1 - punkt miedzy palcami
void KW_MAP::fingerToState(cv::Point p2, cv::Point p1, int sig) {

	LOG(LTRACE) << "KW_MAP::fingerToState\n";

	//tg kąta nachylenia
	double uj = (double) (-p2.x + charPoint[0].x) / (-p2.y + charPoint[0].y);
	//argument kąta nachylenia
	double angle = atan(uj);
	//obrót punktów charakterystycznych o kąt nachylenia względem układu współrzędnych znajdującym się w punkcie dołu dłoni
	cv::Point pt1 = rot(p1, angle, charPoint[0]);
	cv::Point pt2 = rot(p2, angle, charPoint[0]);

	// 4 punkty stanu opisują palec według chłopaków
	cv::Point statePoint;
	cv::Point statePoint2;
	cv::Point statePoint3;
	cv::Point statePoint4;

	if (sig == 1)
		statePoint.x = pt2.x - (pt1.x - pt2.x);
	else if (sig == -1)
		statePoint.x = pt1.x;

	statePoint.y = pt2.y;
	int width = abs(2 * (pt1.x - pt2.x));
	int height = abs(pt1.y - pt2.y);

	//punkty moga mi sie przydac;sposób chłopaków z ROSMów
	statePoint2.x = statePoint.x;
	statePoint2.y = statePoint.y + height;

	statePoint3.x = statePoint.x + width;
	statePoint3.y = statePoint.y + height;

	statePoint4.x = statePoint.x + width;
	statePoint4.y = statePoint.y;

	angle = -angle;
	statePoint = rot(statePoint, angle, charPoint[0]);
	statePoint2 = rot(statePoint2, angle, charPoint[0]);
	statePoint3 = rot(statePoint3, angle, charPoint[0]);
	statePoint4 = rot(statePoint4, angle, charPoint[0]);

	//górny lewy wierzchołek
	state.push_back(statePoint.x);
	state.push_back(statePoint.y);
	//szerokosc
	state.push_back(width);
	//wysokosc
	state.push_back(height);
	state.push_back(-angle);

	//projekcia stanu według chłopaków
	//	drawcont.add(new Types::Line(cv::Point(statePoint.x, statePoint.y), cv::Point(statePoint2.x, statePoint2.y)));
	//	drawcont.add(new Types::Line(cv::Point(statePoint2.x, statePoint2.y), cv::Point(statePoint3.x, statePoint3.y)));
	//	drawcont.add(new Types::Line(cv::Point(statePoint3.x, statePoint3.y), cv::Point(statePoint4.x, statePoint4.y)));
	//	drawcont.add(new Types::Line(cv::Point(statePoint4.x, statePoint4.y), cv::Point(statePoint.x, statePoint.y)));
}

//******************************************SPRAWDŹ CZY DZIALA***********************************************

//funkcja obliczajaca punkty charakterystyczne na podstawie wektora stanu
void KW_MAP::stateToFinger(double s1, double s2, double s3, double s4,
		double angle, int sig) {
	LOG(LTRACE) << "KW_MAP::stateToFinger\n";

	cv::Point tempPoint;


	if (sig == 1) {
		tempPoint.x = s1 + 0.5 * s3 * cos(angle);
		tempPoint.y = s2 - 0.5 * s3 * sin(angle);
		z.push_back(tempPoint);

		tempPoint.x = s1 + s3 * cos(angle) + s4 * sin(angle);
		tempPoint.y = s2 - s3 * sin(angle) + s4 * cos(angle);
		z.push_back(tempPoint);
	}
	if (sig == 2) {
		tempPoint.x = s1 + 0.5 * s3 * cos(angle);
		tempPoint.y = s2 - 0.5 * s3 * sin(angle);
		z.push_back(tempPoint);
	}
	if (sig == 3) {
		tempPoint.x = s1 + s4 * sin(angle);
		tempPoint.y = s2 + s4 * cos(angle);
		z.push_back(tempPoint);

		tempPoint.x = s1 + 0.5 * s3 * cos(angle);
		tempPoint.y = s2 - 0.5 * s3 * sin(angle);
		z.push_back(tempPoint);
	}

}

void KW_MAP::stateToCharPoint() {
	LOG(LTRACE) << "KW_MAP::stateToCharPoint\n";

	cv::Point rotPoint;
	cv::Point tempPoint;
	// punkt dołu dłoni
	z.push_back(cv::Point((state[0] + 0.5 * state[2]), (state[1] + state[3])));

	//punkty pierwszego palca od lewej
	stateToFinger(state[4], state[5], state[6], state[7], state[8], 1);
	//punkty drugiego palca od lewej
	stateToFinger(state[9], state[10], state[11], state[12], state[13], 1);
	//punkty środkowego palca
	stateToFinger(state[14], state[15], state[16], state[17], state[18], 1);
	//punkty czwartego palca od lewej
	stateToFinger(state[19], state[20], state[21], state[22], state[23], 2);
	//punkty kciuka
	stateToFinger(state[24], state[25], state[26], state[27], state[28], 3);

}
//projekcja na obraz estymowanych punktów charakterystycznych
void KW_MAP::projectionEstimatedPoints()
{
	//projekcja na obraz punktów charakterystycznych
	Types::Ellipse * elE;
	for (unsigned int i = 0; i < nrChar / 2; i++) {
		elE = new Types::Ellipse(Point2f(z[i].x, z[i].y), Size2f(20, 20));
		elE->setCol(CV_RGB(0,255,0));
		drawcont.add(elE);
	}

	Types::Line * elL;
	for (unsigned int i = 1; i < nrChar / 2; i += 2) {
		elL = new Types::Line(cv::Point(z[0].x, z[0].y), cv::Point(z[i].x,
				z[i].y));
		elL->setCol(CV_RGB(255,0,0));
		drawcont.add(elL);
	}
}

void KW_MAP::derivatives(int indexR, int indexC, double a, double b, double c,
		double d, double e, int sig) {
	double cosE = cos(e);
	double sinE = sin(e);

	if (sig == 3) {

		H[indexR][indexC] = 1;
		H[indexR + 3][indexC] = sinE;
		//	H[indexR + 4][indexC] = cosE;
		H[indexR + 4][indexC] = d * cosE;

		indexC += 1;
		H[indexR + 1][indexC] = 1;
		H[indexR + 3][indexC] = cosE;
		//	H[indexR + 4][indexC] = - sinE;
		H[indexR + 4][indexC] = -d * sinE;

		indexC += 1;

	}

	H[indexR][indexC] = 1;
	H[indexR + 2][indexC] = 0.5 * cosE;
	//H[indexR + 4][indexC] = -0.5 * sinE;
	H[indexR + 4][indexC] = -0.5 * c * sinE;

	indexC += 1;
	H[indexR + 1][indexC] = 1;
	H[indexR + 2][indexC] = -0.5 * sinE;
	H[indexR + 4][indexC] = -0.5 * c * cosE;
	//H[indexR + 4][indexC] = -0.5 * cosE;

	if (sig == 1) {
		indexC += 1;
		H[indexR][indexC] = 1;
		H[indexR + 2][indexC] = cosE;
		H[indexR + 3][indexC] = sinE;
		//	H[indexR + 4][indexC] = - sinE + cosE;
		H[indexR + 4][indexC] = -c * sinE + d * cosE;

		indexC += 1;
		H[indexR + 1][indexC] = 1;
		H[indexR + 2][indexC] = -sinE;
		H[indexR + 3][indexC] = cosE;
		//	H[indexR + 4][indexC] = - cosE - sinE;
		H[indexR + 4][indexC] = -c * cosE - d * sinE;
	}
}

// funkcja obliczająca macierz jakobianu H
void KW_MAP::calculateH() {
	for (int i = 0; i < 29; i++) {
		for (int j = 0; j < 20; j++) {
			H[i][j] = 0;
		}
		//cout<<"\n";
	}
	H[0][0] = 1;
	H[2][0] = 0.5;
	H[1][1] = 1;
	H[3][1] = 1;

	derivatives(4, 2, state[4], state[5], state[6], state[7], state[8], 1);
	derivatives(9, 6, state[9], state[10], state[11], state[12], state[13], 1);
	derivatives(14, 10, state[14], state[15], state[16], state[17], state[18],
			1);
	derivatives(19, 14, state[19], state[20], state[21], state[22], state[23],
			2);
	derivatives(24, 16, state[24], state[25], state[26], state[27], state[28],
			3);

	//wyswietlanie macierzy H
	for (int i = 0; i < 29; i++) {
		for (int j = 0; j < 20; j++) {
			//cout << setprecision(3)<<H[i][j]<<"\t";
		}
		//cout<<"\n";
	}
}

//obliczenie o ile zmieni się wektor stanu
void KW_MAP::calculateDiff() {
	LOG(LTRACE) << "KW_MAP::calculateDiff\n";

	cout << "KW_MAP::calculateDiff\n";
	//różnica miedzy wektorami h(s) i z
	double D[20];
	//double error = 0;
	unsigned int j = 0;

	for (unsigned int i = 0; i < z.size() * 2; i = i + 2) {
		D[i] = z[j].x - charPoint[j].x;
		D[i + 1] = z[j].y - charPoint[j].y;
		j += 1;
	}

	calculateH();

	double t[nrChar];
	for (unsigned int i = 0; i < nrChar; i++) {
		t[i] = 0;
		for (unsigned int j = 0; j < nrChar; j++) {
			//mnożenie macierzy H * roznica S
			t[i] += invR[i][j] * D[j];
		}
	}

	double t1[nrStates];
	for (unsigned int i = 0; i < nrStates; i++) {
		t1[i] = 0;
		for (unsigned int j = 0; j < nrChar; j++) {
			//mnożenie macierzy H * roznica S
			t1[i] += H[i][j] * t[j];
		}
	}

	//  cout<<"t:\n";
	double t2[nrStates];
	for (unsigned int i = 0; i < nrStates; i++) {
		t2[i] = 0;
		for (unsigned int j = 0; j < nrStates; j++) {
			//mnożenie macierzy H * roznica S
			t2[i] += P[i][j] * t1[j];
		}
		//   cout<<i<<": "<<t2[i]<<"\n";
		diff.push_back(t2[i]);
	}
}

void KW_MAP::updateState() {
	cout << "KW_MAP::updateState\n";

	for (unsigned int i = 0; i < nrStates; i++) {
		state[i] = state[i] - diff[i];
		cout << i << " states\t" << state[i] << "\n";
	}

	for (unsigned int i = 0; i < nrStates; i++) {
		for (unsigned int j = 0; j < nrStates; j++) {
			P[i][j] *= (1 - factor);
		}
	}
}

void KW_MAP::projectionStates() {
	cv::Point statePoint1;
	cv::Point statePoint2;
	cv::Point statePoint3;
	cv::Point statePoint4;

	statePoint1.x = statePoint4.x = state[0];
	statePoint1.y = statePoint2.y = state[1];
	statePoint2.x = statePoint3.x = state[0] + state[2];
	statePoint4.y = statePoint3.y = state[1] + state[3];

	//projekcja środa dłoni na obraz
	drawcont.add(new Types::Line(cv::Point(statePoint1.x, statePoint1.y),
			cv::Point(statePoint2.x, statePoint2.y)));
	drawcont.add(new Types::Line(cv::Point(statePoint2.x, statePoint2.y),
			cv::Point(statePoint3.x, statePoint3.y)));
	drawcont.add(new Types::Line(cv::Point(statePoint3.x, statePoint3.y),
			cv::Point(statePoint4.x, statePoint4.y)));
	drawcont.add(new Types::Line(cv::Point(statePoint4.x, statePoint4.y),
			cv::Point(statePoint1.x, statePoint1.y)));

	statePoint1.x = state[4];
	statePoint1.y = state[5];

	statePoint2.x = state[4] + state[6] * cos(state[8]);
	statePoint2.y = state[5] - state[6] * sin(state[8]);

	statePoint3.x = state[4] + state[6] * cos(state[8]) + state[7] * sin(
			state[8]);
	statePoint3.y = state[5] - state[6] * sin(state[8]) + state[7] * cos(
			state[8]);

	statePoint4.x = statePoint3.x - state[6] * cos(state[8]);
	statePoint4.y = statePoint3.y + state[6] * sin(state[8]);

	//projekcja lewego (małego) palca na obraz
	drawcont.add(new Types::Line(cv::Point(statePoint1.x, statePoint1.y),
			cv::Point(statePoint2.x, statePoint2.y)));
	drawcont.add(new Types::Line(cv::Point(statePoint2.x, statePoint2.y),
			cv::Point(statePoint3.x, statePoint3.y)));
	drawcont.add(new Types::Line(cv::Point(statePoint3.x, statePoint3.y),
			cv::Point(statePoint4.x, statePoint4.y)));
	drawcont.add(new Types::Line(cv::Point(statePoint4.x, statePoint4.y),
			cv::Point(statePoint1.x, statePoint1.y)));

	statePoint1.x = state[9];
	statePoint1.y = state[10];

	statePoint2.x = state[9] + state[11] * cos(state[13]);
	statePoint2.y = state[10] - state[11] * sin(state[13]);

	statePoint3.x = state[9] + state[11] * cos(state[13]) + state[12] * sin(
			state[13]);
	statePoint3.y = state[10] - state[11] * sin(state[13]) + state[12] * cos(
			state[13]);

	statePoint4.x = statePoint3.x - state[11] * cos(state[13]);
	statePoint4.y = statePoint3.y + state[11] * sin(state[13]);

	//projekcja drugiego palca (wskazującego) od lewej na obraz
	drawcont.add(new Types::Line(cv::Point(statePoint1.x, statePoint1.y),
			cv::Point(statePoint2.x, statePoint2.y)));
	drawcont.add(new Types::Line(cv::Point(statePoint2.x, statePoint2.y),
			cv::Point(statePoint3.x, statePoint3.y)));
	drawcont.add(new Types::Line(cv::Point(statePoint3.x, statePoint3.y),
			cv::Point(statePoint4.x, statePoint4.y)));
	drawcont.add(new Types::Line(cv::Point(statePoint4.x, statePoint4.y),
			cv::Point(statePoint1.x, statePoint1.y)));

	statePoint1.x = state[14];
	statePoint1.y = state[15];

	statePoint2.x = state[14] + state[16] * cos(state[18]);
	statePoint2.y = state[15] - state[16] * sin(state[18]);

	statePoint3.x = state[14] + state[16] * cos(state[18]) + state[17] * sin(
			state[18]);
	statePoint3.y = state[15] - state[16] * sin(state[18]) + state[17] * cos(
			state[18]);

	statePoint4.x = statePoint3.x - state[16] * cos(state[18]);
	statePoint4.y = statePoint3.y + state[16] * sin(state[18]);

	//projekcja środkowego palca od lewej na obraz
	drawcont.add(new Types::Line(cv::Point(statePoint1.x, statePoint1.y),
			cv::Point(statePoint2.x, statePoint2.y)));
	drawcont.add(new Types::Line(cv::Point(statePoint2.x, statePoint2.y),
			cv::Point(statePoint3.x, statePoint3.y)));
	drawcont.add(new Types::Line(cv::Point(statePoint3.x, statePoint3.y),
			cv::Point(statePoint4.x, statePoint4.y)));
	drawcont.add(new Types::Line(cv::Point(statePoint4.x, statePoint4.y),
			cv::Point(statePoint1.x, statePoint1.y)));

	statePoint1.x = state[19];
	statePoint1.y = state[20];

	statePoint4.x = state[19] + state[22] * sin(state[23]);
	statePoint4.y = state[20] + state[22] * cos(state[23]);

	statePoint2.x = state[19] + state[21] * cos(state[23]);
	statePoint2.y = state[20] - state[21] * sin(state[23]);

	statePoint3.x = statePoint4.x + state[21] * cos(state[23]);
	statePoint3.y = statePoint4.y - state[21] * sin(state[23]);

	//projekcja drugiego palca od prawej
	drawcont.add(new Types::Line(cv::Point(statePoint1.x, statePoint1.y),
			cv::Point(statePoint2.x, statePoint2.y)));
	drawcont.add(new Types::Line(cv::Point(statePoint2.x, statePoint2.y),
			cv::Point(statePoint3.x, statePoint3.y)));
	drawcont.add(new Types::Line(cv::Point(statePoint3.x, statePoint3.y),
			cv::Point(statePoint4.x, statePoint4.y)));
	drawcont.add(new Types::Line(cv::Point(statePoint4.x, statePoint4.y),
			cv::Point(statePoint1.x, statePoint1.y)));

	statePoint1.x = state[24];
	statePoint1.y = state[25];

	statePoint4.x = state[24] + state[27] * sin(state[28]);
	statePoint4.y = state[25] + state[27] * cos(state[28]);

	statePoint2.x = state[24] + state[26] * cos(state[28]);
	statePoint2.y = state[25] - state[26] * sin(state[28]);

	statePoint3.x = statePoint4.x + state[26] * cos(state[28]);
	statePoint3.y = statePoint4.y - state[26] * sin(state[28]);

	//projekcja pierwszego palca (kciuka) od prawej
	drawcont.add(new Types::Line(cv::Point(statePoint1.x, statePoint1.y),
			cv::Point(statePoint2.x, statePoint2.y)));
	drawcont.add(new Types::Line(cv::Point(statePoint2.x, statePoint2.y),
			cv::Point(statePoint3.x, statePoint3.y)));
	drawcont.add(new Types::Line(cv::Point(statePoint3.x, statePoint3.y),
			cv::Point(statePoint4.x, statePoint4.y)));
	drawcont.add(new Types::Line(cv::Point(statePoint4.x, statePoint4.y),
			cv::Point(statePoint1.x, statePoint1.y)));
}

KW_MAP::KW_MAP(const std::string & name) :
	Base::Component(name) {
	LOG(LTRACE) << "Hello KW_MAP\n";
	ileObrazkow = 0;
	P[0][0] = 59.8301;
	P[0][1] = -0.575163;
	P[0][2] = -13.451;
	P[0][3] = 0.477124;
	P[0][4] = 74.8366;
	P[0][5] = -37.8497;
	P[0][6] = -6.75817;
	P[0][7] = 7.79739;
	P[0][8] = -0.141139;
	P[0][9] = 82.8366;
	P[0][10] = -18.5621;
	P[0][11] = -10.5882;
	P[0][12] = -9.40523;
	P[0][13] = -0.0921031;
	P[0][14] = 77.915;
	P[0][15] = -6.86275;
	P[0][16] = -14.719;
	P[0][17] = 1.33333;
	P[0][18] = -0.0577324;
	P[0][19] = 61.8235;
	P[0][20] = -2.35948;
	P[0][21] = 24.1046;
	P[0][22] = 2.85621;
	P[0][23] = -0.0699018;
	P[0][24] = 59.3922;
	P[0][25] = 3.51634;
	P[0][26] = 17.9477;
	P[0][27] = 10.1176;
	P[0][28] = -0.0672494;
	P[1][0] = -0.575163;
	P[1][1] = 0.379085;
	P[1][2] = 0.156863;
	P[1][3] = -0.163399;
	P[1][4] = -0.679739;
	P[1][5] = 0.535948;
	P[1][6] = 0.601307;
	P[1][7] = -0.0522876;
	P[1][8] = 1.09772e-05;
	P[1][9] = -0.973856;
	P[1][10] = 0.228758;
	P[1][11] = 0;
	P[1][12] = -0.163399;
	P[1][13] = 0.00155437;
	P[1][14] = -1.40523;
	P[1][15] = -0.0196078;
	P[1][16] = 1.97386;
	P[1][17] = 0.431373;
	P[1][18] = -0.000309872;
	P[1][19] = 0.764706;
	P[1][20] = 0.339869;
	P[1][21] = -2.02614;
	P[1][22] = 0.124183;
	P[1][23] = -0.000658766;
	P[1][24] = -0.686275;
	P[1][25] = -0.202614;
	P[1][26] = -0.575163;
	P[1][27] = -0.0588235;
	P[1][28] = 0.00323997;
	P[2][0] = -13.451;
	P[2][1] = 0.156863;
	P[2][2] = 17.0588;
	P[2][3] = 1.07843;
	P[2][4] = -1.13725;
	P[2][5] = -1.72549;
	P[2][6] = -14.9804;
	P[2][7] = -1.01961;
	P[2][8] = 0.0113829;
	P[2][9] = -0.137255;
	P[2][10] = 0.54902;
	P[2][11] = -14.1176;
	P[2][12] = 0.490196;
	P[2][13] = 0.00779605;
	P[2][14] = -3.19608;
	P[2][15] = -0.823529;
	P[2][16] = -2.7451;
	P[2][17] = 0.176471;
	P[2][18] = -0.00151393;
	P[2][19] = -8.76471;
	P[2][20] = 0.509804;
	P[2][21] = -2.15686;
	P[2][22] = -0.254902;
	P[2][23] = 0.0178924;
	P[2][24] = -0.294118;
	P[2][25] = 5.66667;
	P[2][26] = -28.5098;
	P[2][27] = -2.70588;
	P[2][28] = 0.0355193;
	P[3][0] = 0.477124;
	P[3][1] = -0.163399;
	P[3][2] = 1.07843;
	P[3][3] = 0.565359;
	P[3][4] = 0.836601;
	P[3][5] = -0.143791;
	P[3][6] = 0.300654;
	P[3][7] = 0.326797;
	P[3][8] = -0.00118527;
	P[3][9] = 1.98366;
	P[3][10] = -0.326797;
	P[3][11] = -1.17647;
	P[3][12] = 0.212418;
	P[3][13] = -0.00174907;
	P[3][14] = 2.76797;
	P[3][15] = -0.215686;
	P[3][16] = -2.36601;
	P[3][17] = -0.284314;
	P[3][18] = -0.00196699;
	P[3][19] = 0.0294118;
	P[3][20] = -0.124183;
	P[3][21] = 2.04575;
	P[3][22] = 0.00326797;
	P[3][23] = 0.000145284;
	P[3][24] = 2.0098;
	P[3][25] = 1.31046;
	P[3][26] = -1.28758;
	P[3][27] = 0.294118;
	P[3][28] = -0.00357112;
	P[4][0] = 74.8366;
	P[4][1] = -0.679739;
	P[4][2] = -1.13725;
	P[4][3] = 0.836601;
	P[4][4] = 134.967;
	P[4][5] = -78.5229;
	P[4][6] = -58.5752;
	P[4][7] = 8.53595;
	P[4][8] = -0.254026;
	P[4][9] = 124.026;
	P[4][10] = -26.8301;
	P[4][11] = -28.3529;
	P[4][12] = -14.6928;
	P[4][13] = -0.133181;
	P[4][14] = 110.007;
	P[4][15] = -11.4314;
	P[4][16] = -18.9673;
	P[4][17] = 3.01961;
	P[4][18] = -0.0869846;
	P[4][19] = 86.4118;
	P[4][20] = -2.95425;
	P[4][21] = 30.6797;
	P[4][22] = 3.83007;
	P[4][23] = -0.0919034;
	P[4][24] = 89.8431;
	P[4][25] = 10.8562;
	P[4][26] = -2.81046;
	P[4][27] = 13.8235;
	P[4][28] = -0.068696;
	P[5][0] = -37.8497;
	P[5][1] = 0.535948;
	P[5][2] = -1.72549;
	P[5][3] = -0.143791;
	P[5][4] = -78.5229;
	P[5][5] = 49.0458;
	P[5][6] = 44.7974;
	P[5][7] = -4.30719;
	P[5][8] = 0.147317;
	P[5][9] = -69.2876;
	P[5][10] = 15.1307;
	P[5][11] = 21.5294;
	P[5][12] = 7.56209;
	P[5][13] = 0.0733354;
	P[5][14] = -55.1895;
	P[5][15] = 6.09804;
	P[5][16] = 5.81699;
	P[5][17] = -1.80392;
	P[5][18] = 0.0448454;
	P[5][19] = -47;
	P[5][20] = 1.32026;
	P[5][21] = -13.0065;
	P[5][22] = -1.60131;
	P[5][23] = 0.0497395;
	P[5][24] = -47.6863;
	P[5][25] = -6.06536;
	P[5][26] = 6.44444;
	P[5][27] = -7.17647;
	P[5][28] = 0.0292512;
	P[6][0] = -6.75817;
	P[6][1] = 0.601307;
	P[6][2] = -14.9804;
	P[6][3] = 0.300654;
	P[6][4] = -58.5752;
	P[6][5] = 44.7974;
	P[6][6] = 74.7712;
	P[6][7] = 0.0915033;
	P[6][8] = 0.0913725;
	P[6][9] = -35.3987;
	P[6][10] = 6.02614;
	P[6][11] = 20;
	P[6][12] = 4.30065;
	P[6][13] = 0.0386039;
	P[6][14] = -17.3203;
	P[6][15] = 3.37255;
	P[6][16] = -6.48366;
	P[6][17] = -1.72549;
	P[6][18] = 0.0207086;
	P[6][19] = -20.8235;
	P[6][20] = -0.300654;
	P[6][21] = 5.28105;
	P[6][22] = 0.20915;
	P[6][23] = 0.0135383;
	P[6][24] = -21.9608;
	P[6][25] = -4.71895;
	P[6][26] = 28.183;
	P[6][27] = -1.88235;
	P[6][28] = -0.0261226;
	P[7][0] = 7.79739;
	P[7][1] = -0.0522876;
	P[7][2] = -1.01961;
	P[7][3] = 0.326797;
	P[7][4] = 8.53595;
	P[7][5] = -4.30719;
	P[7][6] = 0.0915033;
	P[7][7] = 2.33987;
	P[7][8] = -0.0146677;
	P[7][9] = 10.4771;
	P[7][10] = -2.1634;
	P[7][11] = -2.11765;
	P[7][12] = -0.379085;
	P[7][13] = -0.00850956;
	P[7][14] = 9.98693;
	P[7][15] = -0.901961;
	P[7][16] = -0.418301;
	P[7][17] = 0.196078;
	P[7][18] = -0.00828857;
	P[7][19] = 10.0588;
	P[7][20] = 0.0849673;
	P[7][21] = 2.40523;
	P[7][22] = 0.163399;
	P[7][23] = -0.0132319;
	P[7][24] = 8.43137;
	P[7][25] = 0.816993;
	P[7][26] = 1.26797;
	P[7][27] = 1.23529;
	P[7][28] = -0.00791758;
	P[8][0] = -0.141139;
	P[8][1] = 1.09772e-05;
	P[8][2] = 0.0113829;
	P[8][3] = -0.00118527;
	P[8][4] = -0.254026;
	P[8][5] = 0.147317;
	P[8][6] = 0.0913725;
	P[8][7] = -0.0146677;
	P[8][8] = 0.00053061;
	P[8][9] = -0.219402;
	P[8][10] = 0.0497243;
	P[8][11] = 0.0459302;
	P[8][12] = 0.025789;
	P[8][13] = 0.000231049;
	P[8][14] = -0.20024;
	P[8][15] = 0.0207764;
	P[8][16] = 0.0354618;
	P[8][17] = -0.00616154;
	P[8][18] = 0.000156116;
	P[8][19] = -0.159382;
	P[8][20] = 0.00575166;
	P[8][21] = -0.0645988;
	P[8][22] = -0.00793123;
	P[8][23] = 0.000187822;
	P[8][24] = -0.16393;
	P[8][25] = -0.0208618;
	P[8][26] = -0.016176;
	P[8][27] = -0.0288875;
	P[8][28] = 0.000176437;
	P[9][0] = 82.8366;
	P[9][1] = -0.973856;
	P[9][2] = -0.137255;
	P[9][3] = 1.98366;
	P[9][4] = 124.026;
	P[9][5] = -69.2876;
	P[9][6] = -35.3987;
	P[9][7] = 10.4771;
	P[9][8] = -0.219402;
	P[9][9] = 177.232;
	P[9][10] = -41.9477;
	P[9][11] = -83.7647;
	P[9][12] = -18.0163;
	P[9][13] = -0.195891;
	P[9][14] = 125.389;
	P[9][15] = -12.8431;
	P[9][16] = -22.732;
	P[9][17] = 2.57843;
	P[9][18] = -0.103651;
	P[9][19] = 94.4412;
	P[9][20] = -3.30719;
	P[9][21] = 30.9739;
	P[9][22] = 4.38889;
	P[9][23] = -0.0895337;
	P[9][24] = 99.5784;
	P[9][25] = 13.768;
	P[9][26] = -12.7516;
	P[9][27] = 12.2941;
	P[9][28] = -0.0548689;
	P[10][0] = -18.5621;
	P[10][1] = 0.228758;
	P[10][2] = 0.54902;
	P[10][3] = -0.326797;
	P[10][4] = -26.8301;
	P[10][5] = 15.1307;
	P[10][6] = 6.02614;
	P[10][7] = -2.1634;
	P[10][8] = 0.0497243;
	P[10][9] = -41.9477;
	P[10][10] = 10.5752;
	P[10][11] = 22.4706;
	P[10][12] = 4.14379;
	P[10][13] = 0.046305;
	P[10][14] = -27.9869;
	P[10][15] = 2.90196;
	P[10][16] = 5.47712;
	P[10][17] = -0.490196;
	P[10][18] = 0.0230481;
	P[10][19] = -20.6471;
	P[10][20] = 0.915033;
	P[10][21] = -7.81699;
	P[10][22] = -1.10458;
	P[10][23] = 0.0206851;
	P[10][24] = -21.7255;
	P[10][25] = -2.81699;
	P[10][26] = 3.32026;
	P[10][27] = -2.70588;
	P[10][28] = 0.00958616;
	P[11][0] = -10.5882;
	P[11][1] = 0;
	P[11][2] = -14.1176;
	P[11][3] = -1.17647;
	P[11][4] = -28.3529;
	P[11][5] = 21.5294;
	P[11][6] = 20;
	P[11][7] = -2.11765;
	P[11][8] = 0.0459302;
	P[11][9] = -83.7647;
	P[11][10] = 22.4706;
	P[11][11] = 88;
	P[11][12] = 5.17647;
	P[11][13] = 0.08195;
	P[11][14] = -26.5882;
	P[11][15] = 4.35294;
	P[11][16] = -1.17647;
	P[11][17] = -1.41176;
	P[11][18] = 0.0317296;
	P[11][19] = -22.7059;
	P[11][20] = -0.470588;
	P[11][21] = 1.88235;
	P[11][22] = -0.352941;
	P[11][23] = 0.012086;
	P[11][24] = -25.5294;
	P[11][25] = -9.05882;
	P[11][26] = 33.8824;
	P[11][27] = 1.05882;
	P[11][28] = -0.0308351;
	P[12][0] = -9.40523;
	P[12][1] = -0.163399;
	P[12][2] = 0.490196;
	P[12][3] = 0.212418;
	P[12][4] = -14.6928;
	P[12][5] = 7.56209;
	P[12][6] = 4.30065;
	P[12][7] = -0.379085;
	P[12][8] = 0.025789;
	P[12][9] = -18.0163;
	P[12][10] = 4.14379;
	P[12][11] = 5.17647;
	P[12][12] = 3.74183;
	P[12][13] = 0.0230356;
	P[12][14] = -14.7614;
	P[12][15] = 1.60784;
	P[12][16] = 3.39869;
	P[12][17] = -0.637255;
	P[12][18] = 0.012893;
	P[12][19] = -10.2059;
	P[12][20] = 0.522876;
	P[12][21] = -3.95425;
	P[12][22] = -0.761438;
	P[12][23] = 0.0100826;
	P[12][24] = -10.2843;
	P[12][25] = -0.454248;
	P[12][26] = 0.594771;
	P[12][27] = -1.17647;
	P[12][28] = 0.00229741;
	P[13][0] = -0.0921031;
	P[13][1] = 0.00155437;
	P[13][2] = 0.00779605;
	P[13][3] = -0.00174907;
	P[13][4] = -0.133181;
	P[13][5] = 0.0733354;
	P[13][6] = 0.0386039;
	P[13][7] = -0.00850956;
	P[13][8] = 0.000231049;
	P[13][9] = -0.195891;
	P[13][10] = 0.046305;
	P[13][11] = 0.08195;
	P[13][12] = 0.0230356;
	P[13][13] = 0.000245146;
	P[13][14] = -0.136085;
	P[13][15] = 0.0129843;
	P[13][16] = 0.0283463;
	P[13][17] = -0.00180869;
	P[13][18] = 0.000111556;
	P[13][19] = -0.0971168;
	P[13][20] = 0.00521851;
	P[13][21] = -0.0349918;
	P[13][22] = -0.00572456;
	P[13][23] = 8.73077e-05;
	P[13][24] = -0.104676;
	P[13][25] = -0.0117412;
	P[13][26] = -0.000405776;
	P[13][27] = -0.0154329;
	P[13][28] = 7.78719e-05;
	P[14][0] = 77.915;
	P[14][1] = -1.40523;
	P[14][2] = -3.19608;
	P[14][3] = 2.76797;
	P[14][4] = 110.007;
	P[14][5] = -55.1895;
	P[14][6] = -17.3203;
	P[14][7] = 9.98693;
	P[14][8] = -0.20024;
	P[14][9] = 125.389;
	P[14][10] = -27.9869;
	P[14][11] = -26.5882;
	P[14][12] = -14.7614;
	P[14][13] = -0.136085;
	P[14][14] = 126.369;
	P[14][15] = -11.7255;
	P[14][16] = -45.1242;
	P[14][17] = 0.401961;
	P[14][18] = -0.0913249;
	P[14][19] = 76.0882;
	P[14][20] = -4.79739;
	P[14][21] = 55.1699;
	P[14][22] = 5.01634;
	P[14][23] = -0.0907228;
	P[14][24] = 90.5784;
	P[14][25] = 12.3758;
	P[14][26] = -0.555556;
	P[14][27] = 12.8824;
	P[14][28] = -0.073355;
	P[15][0] = -6.86275;
	P[15][1] = -0.0196078;
	P[15][2] = -0.823529;
	P[15][3] = -0.215686;
	P[15][4] = -11.4314;
	P[15][5] = 6.09804;
	P[15][6] = 3.37255;
	P[15][7] = -0.901961;
	P[15][8] = 0.0207764;
	P[15][9] = -12.8431;
	P[15][10] = 2.90196;
	P[15][11] = 4.35294;
	P[15][12] = 1.60784;
	P[15][13] = 0.0129843;
	P[15][14] = -11.7255;
	P[15][15] = 1.29412;
	P[15][16] = 3.13725;
	P[15][17] = -0.294118;
	P[15][18] = 0.00959501;
	P[15][19] = -7.94118;
	P[15][20] = 0.27451;
	P[15][21] = -3.80392;
	P[15][22] = -0.490196;
	P[15][23] = 0.00838061;
	P[15][24] = -8.94118;
	P[15][25] = -1.39216;
	P[15][26] = 2.31373;
	P[15][27] = -1.11765;
	P[15][28] = 0.00304013;
	P[16][0] = -14.719;
	P[16][1] = 1.97386;
	P[16][2] = -2.7451;
	P[16][3] = -2.36601;
	P[16][4] = -18.9673;
	P[16][5] = 5.81699;
	P[16][6] = -6.48366;
	P[16][7] = -0.418301;
	P[16][8] = 0.0354618;
	P[16][9] = -22.732;
	P[16][10] = 5.47712;
	P[16][11] = -1.17647;
	P[16][12] = 3.39869;
	P[16][13] = 0.0283463;
	P[16][14] = -45.1242;
	P[16][15] = 3.13725;
	P[16][16] = 46.8497;
	P[16][17] = 3.56863;
	P[16][18] = 0.0186734;
	P[16][19] = 3.52941;
	P[16][20] = 4.24837;
	P[16][21] = -49.6209;
	P[16][22] = -2.30065;
	P[16][23] = 0.0173756;
	P[16][24] = -20.0784;
	P[16][25] = -6.3268;
	P[16][26] = 3.86928;
	P[16][27] = -2.47059;
	P[16][28] = 0.024193;
	P[17][0] = 1.33333;
	P[17][1] = 0.431373;
	P[17][2] = 0.176471;
	P[17][3] = -0.284314;
	P[17][4] = 3.01961;
	P[17][5] = -1.80392;
	P[17][6] = -1.72549;
	P[17][7] = 0.196078;
	P[17][8] = -0.00616154;
	P[17][9] = 2.57843;
	P[17][10] = -0.490196;
	P[17][11] = -1.41176;
	P[17][12] = -0.637255;
	P[17][13] = -0.00180869;
	P[17][14] = 0.401961;
	P[17][15] = -0.294118;
	P[17][16] = 3.56863;
	P[17][17] = 0.735294;
	P[17][18] = -0.00256776;
	P[17][19] = 3.97059;
	P[17][20] = 0.431373;
	P[17][21] = -3.54902;
	P[17][22] = 0.107843;
	P[17][23] = -0.00245137;
	P[17][24] = 1.55882;
	P[17][25] = -0.166667;
	P[17][26] = -0.72549;
	P[17][27] = 0.117647;
	P[17][28] = 0.00268172;
	P[18][0] = -0.0577324;
	P[18][1] = -0.000309872;
	P[18][2] = -0.00151393;
	P[18][3] = -0.00196699;
	P[18][4] = -0.0869846;
	P[18][5] = 0.0448454;
	P[18][6] = 0.0207086;
	P[18][7] = -0.00828857;
	P[18][8] = 0.000156116;
	P[18][9] = -0.103651;
	P[18][10] = 0.0230481;
	P[18][11] = 0.0317296;
	P[18][12] = 0.012893;
	P[18][13] = 0.000111556;
	P[18][14] = -0.0913249;
	P[18][15] = 0.00959501;
	P[18][16] = 0.0186734;
	P[18][17] = -0.00256776;
	P[18][18] = 7.82583e-05;
	P[18][19] = -0.0677176;
	P[18][20] = 0.0018413;
	P[18][21] = -0.0242665;
	P[18][22] = -0.0037999;
	P[18][23] = 6.96975e-05;
	P[18][24] = -0.0708356;
	P[18][25] = -0.00976234;
	P[18][26] = 0.00819007;
	P[18][27] = -0.00959279;
	P[18][28] = 3.89867e-05;
	P[19][0] = 61.8235;
	P[19][1] = 0.764706;
	P[19][2] = -8.76471;
	P[19][3] = 0.0294118;
	P[19][4] = 86.4118;
	P[19][5] = -47;
	P[19][6] = -20.8235;
	P[19][7] = 10.0588;
	P[19][8] = -0.159382;
	P[19][9] = 94.4412;
	P[19][10] = -20.6471;
	P[19][11] = -22.7059;
	P[19][12] = -10.2059;
	P[19][13] = -0.0971168;
	P[19][14] = 76.0882;
	P[19][15] = -7.94118;
	P[19][16] = 3.52941;
	P[19][17] = 3.97059;
	P[19][18] = -0.0677176;
	P[19][19] = 78.3824;
	P[19][20] = -0.117647;
	P[19][21] = 6.05882;
	P[19][22] = 2.55882;
	P[19][23] = -0.0797819;
	P[19][24] = 65.8529;
	P[19][25] = 4.32353;
	P[19][26] = 8.05882;
	P[19][27] = 10.2353;
	P[19][28] = -0.049758;
	P[20][0] = -2.35948;
	P[20][1] = 0.339869;
	P[20][2] = 0.509804;
	P[20][3] = -0.124183;
	P[20][4] = -2.95425;
	P[20][5] = 1.32026;
	P[20][6] = -0.300654;
	P[20][7] = 0.0849673;
	P[20][8] = 0.00575166;
	P[20][9] = -3.30719;
	P[20][10] = 0.915033;
	P[20][11] = -0.470588;
	P[20][12] = 0.522876;
	P[20][13] = 0.00521851;
	P[20][14] = -4.79739;
	P[20][15] = 0.27451;
	P[20][16] = 4.24837;
	P[20][17] = 0.431373;
	P[20][18] = 0.0018413;
	P[20][19] = -0.117647;
	P[20][20] = 0.653595;
	P[20][21] = -4.57516;
	P[20][22] = -0.20915;
	P[20][23] = 0.00113886;
	P[20][24] = -2.45098;
	P[20][25] = -0.339869;
	P[20][26] = -1.00654;
	P[20][27] = -0.411765;
	P[20][28] = 0.00497758;
	P[21][0] = 24.1046;
	P[21][1] = -2.02614;
	P[21][2] = -2.15686;
	P[21][3] = 2.04575;
	P[21][4] = 30.6797;
	P[21][5] = -13.0065;
	P[21][6] = 5.28105;
	P[21][7] = 2.40523;
	P[21][8] = -0.0645988;
	P[21][9] = 30.9739;
	P[21][10] = -7.81699;
	P[21][11] = 1.88235;
	P[21][12] = -3.95425;
	P[21][13] = -0.0349918;
	P[21][14] = 55.1699;
	P[21][15] = -3.80392;
	P[21][16] = -49.6209;
	P[21][17] = -3.54902;
	P[21][18] = -0.0242665;
	P[21][19] = 6.05882;
	P[21][20] = -4.57516;
	P[21][21] = 58.732;
	P[21][22] = 2.69935;
	P[21][23] = -0.0421824;
	P[21][24] = 26.2157;
	P[21][25] = 5.49673;
	P[21][26] = 2.57516;
	P[21][27] = 4;
	P[21][28] = -0.0346055;
	P[22][0] = 2.85621;
	P[22][1] = 0.124183;
	P[22][2] = -0.254902;
	P[22][3] = 0.00326797;
	P[22][4] = 3.83007;
	P[22][5] = -1.60131;
	P[22][6] = 0.20915;
	P[22][7] = 0.163399;
	P[22][8] = -0.00793123;
	P[22][9] = 4.38889;
	P[22][10] = -1.10458;
	P[22][11] = -0.352941;
	P[22][12] = -0.761438;
	P[22][13] = -0.00572456;
	P[22][14] = 5.01634;
	P[22][15] = -0.490196;
	P[22][16] = -2.30065;
	P[22][17] = 0.107843;
	P[22][18] = -0.0037999;
	P[22][19] = 2.55882;
	P[22][20] = -0.20915;
